	S100.8123_S2	S101.8118_S3	S102.8145_S4	S103.8150_S5	S104.8162_S6	S105.8151_S7	S106.8079_S8	S107.8192_S9	S108.8103_S10	S109.8446_S11	S110.8096_S12	S111.8449_S13	S112.8459_S14	S113.8451_S15	S114.8452_S16	S115.8234_S17	S116.8209_S18	S117.8026_S19	S118.8490_S20	S119.8130_S21	S120.8477_S22	S121.8264_S23	S122.8134_S24	S123.8176_S25	S124.8224_S26	S125.8210_S27	S126.8135_S28	S127.8112_S29	S128.8202_S30	S129.8204_S31	S130.8507_S32	S131.8274_S33	S132.8297_S34	S133.8222_S35	S134.8546_S36	S135.8381_S37	S136.8391_S38	S137.8574_S39	S138.8047_S40	S139.8583_S41	S140.8013_S42	S141.8080_S43	S142.8621_S44	S143.8071_S45	S144.8417_S46	S145.8371_S47	S146.8430_S48	S147.8369_S49	S148.8242_S50	S149.8312_S51
S100.8123_S2	0.0	646653873.0	3209524427.0	802488735.0	1095848131.0	1342104221.0	1138471641.0	1957406111.0	1641888256.0	815316625.0	2445330961.0	912536420.0	866746676.0	1623745088.0	3588896500.0	1115072751.0	1373092808.0	852666511.0	1767143379.0	756810933.0	669608661.0	782111023.0	639659209.0	495407514.0	484384421.0	813350930.0	760393770.0	801083300.0	965100831.0	1328988431.0	644894285.0	1367040356.0	1044123682.0	1002485895.0	1140982394.0	888550996.0	942035235.0	519127476.0	837358349.0	845532003.0	878953700.0	721684714.0	822505837.0	812265748.0	1156323671.0	1079632076.0	705603146.0	1334035279.0	1678402416.0	1760639429.0
S101.8118_S3	646653873.0	0.0	2706038352.0	293870188.0	1083502932.0	1217316712.0	828308938.0	1704260508.0	1339046777.0	306724724.0	2205410622.0	631387621.0	402950353.0	994689397.0	2750321055.0	559536688.0	1115051003.0	515462428.0	1291002608.0	291454456.0	279562738.0	325798192.0	247586908.0	482779555.0	342549010.0	370990785.0	272328745.0	466279177.0	527721992.0	984468814.0	204493038.0	770602077.0	443531181.0	865320286.0	785095427.0	713573175.0	513454118.0	200506543.0	364211272.0	433273322.0	793067345.0	502854619.0	761781762.0	272178085.0	995895252.0	400364261.0	280475569.0	884033858.0	1684644039.0	1171322584.0
S102.8145_S4	3209524427.0	2706038352.0	0.0	2701036382.0	3602296910.0	3744144276.0	3229925274.0	4573499536.0	4163945113.0	2821807326.0	4437219380.0	3074290445.0	2570455217.0	1469056991.0	4351193957.0	2928102876.0	3532659357.0	3022636152.0	3621877528.0	2477930528.0	2680910708.0	2643234434.0	2602027352.0	2944299693.0	2884308100.0	2542689251.0	2498219197.0	2891010005.0	2906677066.0	3332093528.0	2513647126.0	1262511835.0	2542617477.0	3600794728.0	3147358643.0	3100259877.0	3264782488.0	2674052947.0	2482692170.0	2785469250.0	3127895993.0	3103320441.0	3349392468.0	2665234749.0	3431795566.0	3031516235.0	2577454583.0	3242001322.0	4511739331.0	911976750.0
S103.8150_S5	802488735.0	293870188.0	2701036382.0	0.0	1097227454.0	1248791564.0	857870298.0	2028612190.0	1565610039.0	404741564.0	2049107082.0	695805053.0	431915647.0	930251039.0	2946407295.0	781221394.0	1160316371.0	604631154.0	1272386780.0	291632582.0	291374620.0	319304684.0	244565656.0	584503053.0	442588904.0	451341053.0	271913657.0	511058491.0	506753128.0	981773718.0	225938024.0	700252597.0	427573077.0	1095201620.0	777351845.0	715716619.0	734763386.0	257496267.0	413229876.0	415718336.0	879982683.0	638913281.0	926174370.0	229573055.0	1064559364.0	612554255.0	283614721.0	775989278.0	1952139295.0	1124177714.0
S104.8162_S6	1095848131.0	1083502932.0	3602296910.0	1097227454.0	0.0	1617248054.0	1380554516.0	1859837482.0	1191548579.0	991219850.0	1922560004.0	1355894545.0	1383114491.0	2085022485.0	3853763555.0	1378696888.0	1834315929.0	1283518396.0	2161090162.0	1215854282.0	1116530618.0	1212349520.0	1111100654.0	1064628483.0	875591372.0	1181337501.0	1143552431.0	1263207827.0	1242536938.0	1847431682.0	1115605720.0	1822429741.0	1482262845.0	1196020254.0	1333732381.0	1362310031.0	1093879952.0	1027550211.0	1347778850.0	1281461674.0	1105711075.0	1059309647.0	1290105196.0	1219398741.0	1613552424.0	1492752013.0	1108600401.0	1794634494.0	1565691241.0	2213150546.0
S105.8151_S7	1342104221.0	1217316712.0	3744144276.0	1248791564.0	1617248054.0	0.0	1682893248.0	2166432546.0	2018602925.0	1310284740.0	2666800716.0	1588129343.0	1328364847.0	2148316297.0	4069611667.0	1544735026.0	1997305377.0	1332667766.0	2351025214.0	1274932120.0	1201931506.0	1343296570.0	1168244786.0	1328158009.0	1096620594.0	1377203721.0	1307790867.0	1351158685.0	1517669464.0	1939603068.0	1179548822.0	1895241111.0	1593128831.0	1481607744.0	1663749979.0	1377917347.0	1412037530.0	1075206755.0	1424518126.0	1378944176.0	1552605905.0	1220017459.0	1592803322.0	1318578603.0	1631641976.0	1629173303.0	1241675403.0	1882409154.0	2063649895.0	2296344384.0
S106.8079_S8	1138471641.0	828308938.0	3229925274.0	857870298.0	1380554516.0	1682893248.0	0.0	2405289034.0	1989399127.0	975481328.0	2511612554.0	1081993117.0	933093597.0	1616906811.0	3724322001.0	1434921078.0	1535023935.0	847867738.0	1858240302.0	755485024.0	702558494.0	854269164.0	638388052.0	978142155.0	791120320.0	946082363.0	786465101.0	901284367.0	1047493926.0	1015494040.0	660987444.0	1363569893.0	1071147595.0	1189512880.0	1069885599.0	1105339655.0	974394190.0	675929273.0	928133778.0	837323140.0	1405659395.0	1034537353.0	1206954398.0	859948873.0	1278798238.0	1141380315.0	761822081.0	1363316168.0	2222541023.0	1768519540.0
S107.8192_S9	1957406111.0	1704260508.0	4573499536.0	2028612190.0	1859837482.0	2166432546.0	2405289034.0	0.0	1097909123.0	1327692192.0	3087909242.0	2274707793.0	2302934723.0	3040969035.0	4127295781.0	1371111278.0	2669883981.0	1748739178.0	3083249452.0	2160735576.0	1869330816.0	2053728668.0	2063819276.0	1749881691.0	1226089708.0	2222449697.0	2121784775.0	2080428641.0	2296801664.0	2742110092.0	2041092264.0	2779638229.0	2367392733.0	771032842.0	2470533649.0	2473050601.0	1248132568.0	1803426129.0	2107796828.0	2275247998.0	1406675923.0	1175208091.0	1748029426.0	1968000589.0	2393986666.0	2479647839.0	1897487361.0	2709026804.0	914608443.0	3152686426.0
S108.8103_S10	1641888256.0	1339046777.0	4163945113.0	1565610039.0	1191548579.0	2018602925.0	1989399127.0	1097909123.0	0.0	1214207371.0	2494424253.0	1857619176.0	1908241096.0	2626923054.0	4039509474.0	1391363955.0	2355654480.0	1541933681.0	2619147049.0	1749060751.0	1557583025.0	1689694935.0	1655604215.0	1511810978.0	1081016651.0	1683893076.0	1686576504.0	1744338112.0	1833534519.0	2350694797.0	1633911425.0	2378035582.0	1956375852.0	936924477.0	1923253458.0	2068723584.0	1087772541.0	1449576658.0	1788537667.0	1854607399.0	1351213546.0	1191487868.0	1698320955.0	1642651602.0	2092356669.0	1875971066.0	1518006608.0	2329566433.0	1175900064.0	2725954159.0
S109.8446_S11	815316625.0	306724724.0	2821807326.0	404741564.0	991219850.0	1310284740.0	975481328.0	1327692192.0	1214207371.0	0.0	2081017290.0	797082601.0	592224705.0	1137759267.0	2703794931.0	494854552.0	1261705625.0	474322074.0	1349585038.0	443957504.0	404840770.0	458340886.0	449684766.0	582099597.0	372853158.0	543671459.0	406172527.0	614674879.0	657363166.0	1146524218.0	404368332.0	893453009.0	590416853.0	717567820.0	952593055.0	814432187.0	464953472.0	380782473.0	492418680.0	604532138.0	621702117.0	421411059.0	770297806.0	330576191.0	975095526.0	707284179.0	372963501.0	922369032.0	1390260333.0	1246055698.0
S110.8096_S12	2445330961.0	2205410622.0	4437219380.0	2049107082.0	1922560004.0	2666800716.0	2511612554.0	3087909242.0	2494424253.0	2081017290.0	0.0	2132067451.0	2371091599.0	3102119921.0	4850534529.0	2547308466.0	2926719787.0	2303871856.0	2912901882.0	2230944402.0	2123580370.0	2275575808.0	2126287258.0	1973572287.0	1845648664.0	2078664507.0	2217332301.0	2137884765.0	2214828610.0	2817486408.0	2137020904.0	2843813963.0	2511062373.0	2375817782.0	2215088017.0	2502437697.0	2294861746.0	2084175441.0	2390451480.0	2331970452.0	1713611369.0	2131946691.0	2577090368.0	2292982163.0	2628373920.0	2580011877.0	2187902615.0	2819373266.0	3040635893.0	2852291220.0
S111.8449_S13	912536420.0	631387621.0	3074290445.0	695805053.0	1355894545.0	1588129343.0	1081993117.0	2274707793.0	1857619176.0	797082601.0	2132067451.0	0.0	598110118.0	1467568696.0	3584421572.0	1199504879.0	1403244552.0	822810105.0	1622353229.0	610657543.0	552145547.0	523016259.0	504023725.0	793548510.0	710494661.0	801258488.0	632964508.0	682861362.0	853617673.0	805567803.0	511619225.0	1218746458.0	877857536.0	1366641941.0	415589388.0	834169178.0	939906225.0	492675584.0	819721131.0	700078883.0	1167911204.0	861432120.0	1055697473.0	715645574.0	1265473823.0	886022518.0	511150492.0	1176281413.0	2218478360.0	1484067147.0
S112.8459_S14	866746676.0	402950353.0	2570455217.0	431915647.0	1383114491.0	1328364847.0	933093597.0	2302934723.0	1908241096.0	592224705.0	2371091599.0	598110118.0	0.0	745959486.0	2392593082.0	716326131.0	1223141072.0	659947059.0	1338570571.0	264859879.0	370669459.0	271560669.0	298054617.0	627180218.0	569789723.0	355002302.0	276272864.0	576807960.0	591068491.0	762369923.0	238652301.0	680647896.0	409069024.0	1290005435.0	858334008.0	726684190.0	864766793.0	312877044.0	288102261.0	464169949.0	940747528.0	785636612.0	1003924253.0	410509598.0	1010556987.0	692234442.0	318168484.0	934424027.0	2203567330.0	1080595937.0
S113.8451_S15	1623745088.0	994689397.0	1469056991.0	930251039.0	2085022485.0	2148316297.0	1616906811.0	3040969035.0	2626923054.0	1137759267.0	3102119921.0	1467568696.0	745959486.0	0.0	1432985740.0	874891963.0	1915038548.0	1428840525.0	1906661877.0	668900823.0	1002350259.0	939784695.0	961348551.0	1368035372.0	1293057713.0	552309030.0	843830134.0	1269942598.0	1335457033.0	1766704017.0	812943645.0	355750694.0	442868736.0	2030712517.0	1536320106.0	1416639734.0	1656277325.0	1047714822.0	479051817.0	1024041513.0	1309942502.0	1510254908.0	1744546159.0	996465566.0	1838332659.0	1350197826.0	884156932.0	1549925117.0	2963326590.0	625529433.0
S114.8452_S16	3588896500.0	2750321055.0	4351193957.0	2946407295.0	3853763555.0	4069611667.0	3724322001.0	4127295781.0	4039509474.0	2703794931.0	4850534529.0	3584421572.0	2392593082.0	1432985740.0	0.0	1444477437.0	4011909408.0	3344835763.0	3843142133.0	2490040987.0	3040661673.0	2843794177.0	3162439629.0	3360557928.0	3134954967.0	1752026100.0	2875642188.0	3383156730.0	3433449221.0	3972138953.0	2853163441.0	2611465812.0	1879248004.0	3493928389.0	3683522974.0	3673161506.0	3330376369.0	3142527684.0	1671389785.0	3257393967.0	2302404540.0	3234121498.0	3632492501.0	2844212308.0	3757171197.0	3389051142.0	2912728310.0	3702405847.0	4150863094.0	3105301337.0
S115.8234_S17	1115072751.0	559536688.0	2928102876.0	781221394.0	1378696888.0	1544735026.0	1434921078.0	1371111278.0	1391363955.0	494854552.0	2547308466.0	1199504879.0	716326131.0	874891963.0	1444477437.0	0.0	1699842381.0	964587660.0	1751193472.0	739268660.0	835867802.0	732888364.0	928535610.0	1015336205.0	655588062.0	535565505.0	795027057.0	1100242077.0	1076888018.0	1492872140.0	795961552.0	1074669581.0	644854011.0	927809876.0	1427536991.0	1334826207.0	817028618.0	823813611.0	427046390.0	1091445570.0	593564763.0	768333283.0	1161864814.0	721857413.0	1527704364.0	1096356963.0	786997691.0	1503824612.0	1515048067.0	1513654614.0
S116.8209_S18	1373092808.0	1115051003.0	3532659357.0	1160316371.0	1834315929.0	1997305377.0	1535023935.0	2669883981.0	2355654480.0	1261705625.0	2926719787.0	1403244552.0	1223141072.0	1915038548.0	4011909408.0	1699842381.0	0.0	1328253365.0	2148166281.0	1052428075.0	1021050127.0	1149093949.0	935334439.0	1215391480.0	1097775601.0	1271741608.0	1062234200.0	1172391042.0	1304844321.0	1674014291.0	956597581.0	1655397938.0	1374620292.0	1712898471.0	1476275870.0	1421186028.0	1441070847.0	954946942.0	1250115047.0	1139998497.0	1649895704.0	1290352396.0	1488402183.0	1158726970.0	1706307133.0	1427289382.0	1049369396.0	1640564237.0	2513620446.0	2063170743.0
S117.8026_S19	852666511.0	515462428.0	3022636152.0	604631154.0	1283518396.0	1332667766.0	847867738.0	1748739178.0	1541933681.0	474322074.0	2303871856.0	822810105.0	659947059.0	1428840525.0	3344835763.0	964587660.0	1328253365.0	0.0	1511025276.0	557130968.0	436601186.0	580198496.0	478021454.0	662008197.0	517313282.0	707408981.0	564876931.0	718352167.0	750338330.0	1163015116.0	481112008.0	1126074903.0	838765645.0	979698902.0	997516433.0	855072251.0	431079330.0	397486435.0	647160864.0	667626828.0	982398345.0	551274153.0	739364196.0	531730683.0	512319186.0	819487335.0	535056071.0	1140763150.0	1577551455.0	1527256760.0
S118.8490_S20	1767143379.0	1291002608.0	3621877528.0	1272386780.0	2161090162.0	2351025214.0	1858240302.0	3083249452.0	2619147049.0	1349585038.0	2912901882.0	1622353229.0	1338570571.0	1906661877.0	3843142133.0	1751193472.0	2148166281.0	1511025276.0	0.0	985595450.0	1261490028.0	1154451724.0	1239627050.0	1579492195.0	1454342498.0	1375538559.0	1242949209.0	1507324529.0	1446708960.0	1801676850.0	1119596426.0	1589863143.0	1526755543.0	2090930730.0	1762802381.0	1271815925.0	1784952142.0	1266433503.0	1330999004.0	1417715188.0	1856362149.0	1672429529.0	1921825756.0	1245161087.0	2068242616.0	1521270561.0	1307480935.0	1812932700.0	2967269545.0	1926770272.0
S119.8130_S21	756810933.0	291454456.0	2477930528.0	291632582.0	1215854282.0	1274932120.0	755485024.0	2160735576.0	1749060751.0	443957504.0	2230944402.0	610657543.0	264859879.0	668900823.0	2490040987.0	739268660.0	1052428075.0	557130968.0	985595450.0	0.0	208090248.0	279397906.0	113436328.0	512442547.0	424768038.0	254967507.0	171638085.0	409635555.0	530046990.0	921736006.0	77569050.0	561218209.0	266649537.0	1156409928.0	676089051.0	547734395.0	789573926.0	188361489.0	213238614.0	294988972.0	878706189.0	644854867.0	883564796.0	296762193.0	974748238.0	561892081.0	164185335.0	830500222.0	2084494889.0	933393760.0
S120.8477_S22	669608661.0	279562738.0	2680910708.0	291374620.0	1116530618.0	1201931506.0	702558494.0	1869330816.0	1557583025.0	404840770.0	2123580370.0	552145547.0	370669459.0	1002350259.0	3040661673.0	835867802.0	1021050127.0	436601186.0	1261490028.0	208090248.0	0.0	287232932.0	132894642.0	439217323.0	334929296.0	420428657.0	244272431.0	345445287.0	502934136.0	894465394.0	137492028.0	792665413.0	458857283.0	981050242.0	675244401.0	598296321.0	675432814.0	166176735.0	362584694.0	286411546.0	847990825.0	464022605.0	600328156.0	327545097.0	878269400.0	572152269.0	210734891.0	795427598.0	1870808375.0	1185330220.0
S121.8264_S23	782111023.0	325798192.0	2643234434.0	319304684.0	1212349520.0	1343296570.0	854269164.0	2053728668.0	1689694935.0	458340886.0	2275575808.0	523016259.0	271560669.0	939784695.0	2843794177.0	732888364.0	1149093949.0	580198496.0	1154451724.0	279397906.0	287232932.0	0.0	231914866.0	579277943.0	481293810.0	418939981.0	244406383.0	491423291.0	479562200.0	593227992.0	211495278.0	712874013.0	488877215.0	1106034670.0	789876025.0	627792617.0	808686168.0	269487317.0	348444272.0	426974126.0	955951029.0	667313345.0	888756576.0	279779143.0	1070013144.0	650576953.0	265043201.0	825809268.0	2050084765.0	1131580688.0
S122.8134_S24	639659209.0	247586908.0	2602027352.0	244565656.0	1111100654.0	1168244786.0	638388052.0	2063819276.0	1655604215.0	449684766.0	2126287258.0	504023725.0	298054617.0	961348551.0	3162439629.0	928535610.0	935334439.0	478021454.0	1239627050.0	113436328.0	132894642.0	231914866.0	0.0	400100653.0	314923610.0	367138547.0	155549155.0	292904575.0	428006808.0	804296688.0	26315820.0	708969177.0	443776709.0	1053203930.0	558812831.0	510924469.0	694192456.0	77532723.0	341124030.0	203999962.0	958924295.0	541026801.0	776098778.0	256675777.0	862534156.0	512423867.0	144542317.0	723347836.0	1984009323.0	1113044796.0
S123.8176_S25	495407514.0	482779555.0	2944299693.0	584503053.0	1064628483.0	1328158009.0	978142155.0	1749881691.0	1511810978.0	582099597.0	1973572287.0	793548510.0	627180218.0	1368035372.0	3360557928.0	1015336205.0	1215391480.0	662008197.0	1579492195.0	512442547.0	439217323.0	579277943.0	400100653.0	0.0	397701663.0	668816066.0	507923500.0	560801114.0	754530849.0	1142017085.0	410612825.0	1111335672.0	811335722.0	980730791.0	914291850.0	862665550.0	749555939.0	343227244.0	628279953.0	607441495.0	852652492.0	598445766.0	821502437.0	582732604.0	899139215.0	851280128.0	480786962.0	1099325681.0	1812605662.0	1485524257.0
S124.8224_S26	484384421.0	342549010.0	2884308100.0	442588904.0	875591372.0	1096620594.0	791120320.0	1226089708.0	1081016651.0	372853158.0	1845648664.0	710494661.0	569789723.0	1293057713.0	3134954967.0	655588062.0	1097775601.0	517313282.0	1454342498.0	424768038.0	334929296.0	481293810.0	314923610.0	397701663.0	0.0	563710959.0	434216045.0	494232445.0	625723790.0	1086124422.0	326839536.0	1039957525.0	718671877.0	527456138.0	796335991.0	776229785.0	461722022.0	251412235.0	543994560.0	522179520.0	527121797.0	350060141.0	701036422.0	449889895.0	992080254.0	794095169.0	362099705.0	1014986106.0	1191275603.0	1433738772.0
S125.8210_S27	813350930.0	370990785.0	2542689251.0	451341053.0	1181337501.0	1377203721.0	946082363.0	2222449697.0	1683893076.0	543671459.0	2078664507.0	801258488.0	355002302.0	552309030.0	1752026100.0	535565505.0	1271741608.0	707408981.0	1375538559.0	254967507.0	420428657.0	418939981.0	367138547.0	668816066.0	563710959.0	0.0	372666352.0	650659998.0	705973577.0	1151673961.0	289238943.0	709741348.0	299628184.0	1245924087.0	895237476.0	716906186.0	896752891.0	396753466.0	179359147.0	545819711.0	743948424.0	716309166.0	1014448095.0	453391366.0	1028526189.0	685850224.0	414875088.0	1065723539.0	2046968766.0	1141300625.0
S126.8135_S28	760393770.0	272328745.0	2498219197.0	271913657.0	1143552431.0	1307790867.0	786465101.0	2121784775.0	1686576504.0	406172527.0	2217332301.0	632964508.0	276272864.0	843830134.0	2875642188.0	795027057.0	1062234200.0	564876931.0	1242949209.0	171638085.0	244272431.0	244406383.0	155549155.0	507923500.0	434216045.0	372666352.0	0.0	440364076.0	453113909.0	887070679.0	125409371.0	532127262.0	375291066.0	1130687087.0	713392148.0	646066092.0	771465793.0	199625190.0	326693839.0	303747279.0	913748646.0	609667570.0	869623021.0	243468992.0	994701941.0	522189920.0	169779250.0	745196737.0	2063962892.0	884086729.0
S127.8112_S29	801083300.0	466279177.0	2891010005.0	511058491.0	1263207827.0	1351158685.0	901284367.0	2080428641.0	1744338112.0	614674879.0	2137884765.0	682861362.0	576807960.0	1269942598.0	3383156730.0	1100242077.0	1172391042.0	718352167.0	1507324529.0	409635555.0	345445287.0	491423291.0	292904575.0	560801114.0	494232445.0	650659998.0	440364076.0	0.0	697573691.0	1039830077.0	314774253.0	1017611662.0	733953434.0	1166354539.0	777980426.0	784353302.0	852793187.0	328174168.0	607784435.0	498010739.0	1052728104.0	709262990.0	985602101.0	528145494.0	1100817089.0	795657996.0	409236108.0	999821097.0	2025325332.0	1369474417.0
S128.8202_S30	965100831.0	527721992.0	2906677066.0	506753128.0	1242536938.0	1517669464.0	1047493926.0	2296801664.0	1833534519.0	657363166.0	2214828610.0	853617673.0	591068491.0	1335457033.0	3433449221.0	1076888018.0	1304844321.0	750338330.0	1446708960.0	530046990.0	502934136.0	479562200.0	428006808.0	754530849.0	625723790.0	705973577.0	453113909.0	697573691.0	0.0	1068910884.0	432354892.0	973798295.0	824800631.0	1341206060.0	951497623.0	897321621.0	971869754.0	458756015.0	657540624.0	627061250.0	1204002185.0	849738947.0	1088476430.0	477721127.0	1181789088.0	824774355.0	489895031.0	980079478.0	2128036473.0	1375395106.0
S129.8204_S31	1328988431.0	984468814.0	3332093528.0	981773718.0	1847431682.0	1939603068.0	1015494040.0	2742110092.0	2350694797.0	1146524218.0	2817486408.0	805567803.0	762369923.0	1766704017.0	3972138953.0	1492872140.0	1674014291.0	1163015116.0	1801676850.0	921736006.0	894465394.0	593227992.0	804296688.0	1142017085.0	1086124422.0	1151673961.0	887070679.0	1039830077.0	1068910884.0	0.0	811543692.0	1427206547.0	1233225819.0	1818377600.0	1349224499.0	1061192099.0	1418305774.0	819834337.0	1095872026.0	1015707204.0	1661486353.0	1221972659.0	1396593672.0	940671759.0	1649670078.0	1215838991.0	789086897.0	1418419148.0	2705005661.0	1826308896.0
S130.8507_S32	644894285.0	204493038.0	2513647126.0	225938024.0	1115605720.0	1179548822.0	660987444.0	2041092264.0	1633911425.0	404368332.0	2137020904.0	511619225.0	238652301.0	812943645.0	2853163441.0	795961552.0	956597581.0	481112008.0	1119596426.0	77569050.0	137492028.0	211495278.0	26315820.0	410612825.0	326839536.0	289238943.0	125409371.0	314774253.0	432354892.0	811543692.0	0.0	602564933.0	345576853.0	1049638162.0	581988069.0	505774197.0	665544166.0	82214639.0	261326074.0	225006200.0	884318401.0	548289405.0	778258528.0	229567005.0	880410558.0	467830651.0	124997715.0	739591866.0	1970665113.0	1002571950.0
S131.8274_S33	1367040356.0	770602077.0	1262511835.0	700252597.0	1822429741.0	1895241111.0	1363569893.0	2779638229.0	2378035582.0	893453009.0	2843813963.0	1218746458.0	680647896.0	355750694.0	2611465812.0	1074669581.0	1655397938.0	1126074903.0	1589863143.0	561218209.0	792665413.0	712874013.0	708969177.0	1111335672.0	1039957525.0	709741348.0	532127262.0	1017611662.0	973798295.0	1427206547.0	602564933.0	0.0	524378908.0	1777830789.0	1285116488.0	1174313444.0	1402218393.0	790781330.0	605773147.0	869848333.0	1353192084.0	1257773064.0	1493727025.0	702996568.0	1586652241.0	1120409080.0	631425868.0	1240057409.0	2709341350.0	283541163.0
S132.8297_S34	1044123682.0	443531181.0	2542617477.0	427573077.0	1482262845.0	1593128831.0	1071147595.0	2367392733.0	1956375852.0	590416853.0	2511062373.0	877857536.0	409069024.0	442868736.0	1879248004.0	644854011.0	1374620292.0	838765645.0	1526755543.0	266649537.0	458857283.0	488877215.0	443776709.0	811335722.0	718671877.0	299628184.0	375291066.0	733953434.0	824800631.0	1233225819.0	345576853.0	524378908.0	0.0	1413551621.0	996407058.0	930889714.0	1024313395.0	487440886.0	284626231.0	586941759.0	910535244.0	906597158.0	1130268465.0	507229882.0	1280355625.0	791975528.0	339837882.0	1070727511.0	2325619408.0	922107571.0
S133.8222_S35	1002485895.0	865320286.0	3600794728.0	1095201620.0	1196020254.0	1481607744.0	1189512880.0	771032842.0	936924477.0	717567820.0	2375817782.0	1366641941.0	1290005435.0	2030712517.0	3493928389.0	927809876.0	1712898471.0	979698902.0	2090930730.0	1156409928.0	981050242.0	1106034670.0	1053203930.0	980730791.0	527456138.0	1245924087.0	1130687087.0	1166354539.0	1341206060.0	1818377600.0	1049638162.0	1777830789.0	1413551621.0	0.0	1496430325.0	1540698987.0	683751030.0	856186785.0	1193432254.0	1262120890.0	799274631.0	710067111.0	1071915172.0	1068684821.0	1522061706.0	1476575769.0	991316441.0	1721744396.0	804654667.0	2166451190.0
S134.8546_S36	1140982394.0	785095427.0	3147358643.0	777351845.0	1333732381.0	1663749979.0	1069885599.0	2470533649.0	1923253458.0	952593055.0	2215088017.0	415589388.0	858334008.0	1536320106.0	3683522974.0	1427536991.0	1476275870.0	997516433.0	1762802381.0	676089051.0	675244401.0	789876025.0	558812831.0	914291850.0	796335991.0	895237476.0	713392148.0	777980426.0	951497623.0	1349224499.0	581988069.0	1285116488.0	996407058.0	1496430325.0	0.0	1065539950.0	1130773933.0	613699896.0	896804427.0	767648891.0	1350578156.0	1040161602.0	1293386273.0	810512944.0	1376005837.0	1067997584.0	690774998.0	1290758681.0	2304670360.0	1618431065.0
S135.8381_S37	888550996.0	713573175.0	3100259877.0	715716619.0	1362310031.0	1377917347.0	1105339655.0	2473050601.0	2068723584.0	814432187.0	2502437697.0	834169178.0	726684190.0	1416639734.0	3673161506.0	1334826207.0	1421186028.0	855072251.0	1271815925.0	547734395.0	598296321.0	627792617.0	510924469.0	862665550.0	776229785.0	716906186.0	646066092.0	784353302.0	897321621.0	1061192099.0	505774197.0	1174313444.0	930889714.0	1540698987.0	1065539950.0	0.0	1093075989.0	549514164.0	834491745.0	664956737.0	1415512906.0	827113726.0	1169804447.0	714052272.0	1144154041.0	954375274.0	577447328.0	1192699369.0	2248971550.0	1561189163.0
S136.8391_S38	942035235.0	513454118.0	3264782488.0	734763386.0	1093879952.0	1412037530.0	974394190.0	1248132568.0	1087772541.0	464953472.0	2294861746.0	939906225.0	864766793.0	1656277325.0	3330376369.0	817028618.0	1441070847.0	431079330.0	1784952142.0	789573926.0	675432814.0	808686168.0	694192456.0	749555939.0	461722022.0	896752891.0	771465793.0	852793187.0	971869754.0	1418305774.0	665544166.0	1402218393.0	1024313395.0	683751030.0	1130773933.0	1093075989.0	0.0	532516013.0	891275038.0	888579928.0	943890479.0	475350043.0	983615458.0	726715147.0	660915038.0	895613361.0	647343717.0	1389223270.0	1069685079.0	1728347068.0
S137.8574_S39	519127476.0	200506543.0	2674052947.0	257496267.0	1027550211.0	1075206755.0	675929273.0	1803426129.0	1449576658.0	380782473.0	2084175441.0	492675584.0	312877044.0	1047714822.0	3142527684.0	823813611.0	954946942.0	397486435.0	1266433503.0	188361489.0	166176735.0	269487317.0	77532723.0	343227244.0	251412235.0	396753466.0	199625190.0	328174168.0	458756015.0	819834337.0	82214639.0	790781330.0	487440886.0	856186785.0	613699896.0	549514164.0	532516013.0	0.0	380984567.0	282792177.0	812834202.0	448882810.0	674523505.0	284546408.0	797418745.0	469019554.0	162354716.0	791215403.0	1705113426.0	1176165353.0
S138.8047_S40	837358349.0	364211272.0	2482692170.0	413229876.0	1347778850.0	1424518126.0	928133778.0	2107796828.0	1788537667.0	492418680.0	2390451480.0	819721131.0	288102261.0	479051817.0	1671389785.0	427046390.0	1250115047.0	647160864.0	1330999004.0	213238614.0	362584694.0	348444272.0	341124030.0	628279953.0	543994560.0	179359147.0	326693839.0	607784435.0	657540624.0	1095872026.0	261326074.0	605773147.0	284626231.0	1193432254.0	896804427.0	834491745.0	891275038.0	380984567.0	0.0	514602908.0	744298461.0	753624391.0	918506624.0	363739291.0	1078783156.0	736888285.0	378672191.0	972093084.0	2050163309.0	1062339592.0
S139.8583_S41	845532003.0	433273322.0	2785469250.0	415718336.0	1281461674.0	1378944176.0	837323140.0	2275247998.0	1854607399.0	604532138.0	2331970452.0	700078883.0	464169949.0	1024041513.0	3257393967.0	1091445570.0	1139998497.0	667626828.0	1417715188.0	294988972.0	286411546.0	426974126.0	203999962.0	607441495.0	522179520.0	545819711.0	303747279.0	498010739.0	627061250.0	1015707204.0	225006200.0	869848333.0	586941759.0	1262120890.0	767648891.0	664956737.0	888579928.0	282792177.0	514602908.0	0.0	1122338105.0	739699237.0	944576936.0	437987293.0	1056308742.0	690652551.0	307441971.0	776252844.0	2195219117.0	1265196536.0
S140.8013_S42	878953700.0	793067345.0	3127895993.0	879982683.0	1105711075.0	1552605905.0	1405659395.0	1406675923.0	1351213546.0	621702117.0	1713611369.0	1167911204.0	940747528.0	1309942502.0	2302404540.0	593564763.0	1649895704.0	982398345.0	1856362149.0	878706189.0	847990825.0	955951029.0	958924295.0	852652492.0	527121797.0	743948424.0	913748646.0	1052728104.0	1204002185.0	1661486353.0	884318401.0	1353192084.0	910535244.0	799274631.0	1350578156.0	1415512906.0	943890479.0	812834202.0	744298461.0	1122338105.0	0.0	776832990.0	1027584353.0	952197750.0	1505950545.0	1330379390.0	884147394.0	1577041125.0	1387109474.0	1665856891.0
S141.8080_S43	721684714.0	502854619.0	3103320441.0	638913281.0	1059309647.0	1220017459.0	1034537353.0	1175208091.0	1191487868.0	421411059.0	2131946691.0	861432120.0	785636612.0	1510254908.0	3234121498.0	768333283.0	1290352396.0	551274153.0	1672429529.0	644854867.0	464022605.0	667313345.0	541026801.0	598445766.0	350060141.0	716309166.0	609667570.0	709262990.0	849738947.0	1221972659.0	548289405.0	1257773064.0	906597158.0	710067111.0	1040161602.0	827113726.0	475350043.0	448882810.0	753624391.0	739699237.0	776832990.0	0.0	780465529.0	582096056.0	927315045.0	858966902.0	522887256.0	1187584373.0	1304342614.0	1635158799.0
S142.8621_S44	822505837.0	761781762.0	3349392468.0	926174370.0	1290105196.0	1592803322.0	1206954398.0	1748029426.0	1698320955.0	770297806.0	2577090368.0	1055697473.0	1003924253.0	1744546159.0	3632492501.0	1161864814.0	1488402183.0	739364196.0	1921825756.0	883564796.0	600328156.0	888756576.0	776098778.0	821502437.0	701036422.0	1014448095.0	869623021.0	985602101.0	1088476430.0	1396593672.0	778258528.0	1493727025.0	1130268465.0	1071915172.0	1293386273.0	1169804447.0	983615458.0	674523505.0	918506624.0	944576936.0	1027584353.0	780465529.0	0.0	906462525.0	1227098620.0	1170382977.0	811806727.0	1416609292.0	1793383251.0	1878957622.0
S143.8071_S45	812265748.0	272178085.0	2665234749.0	229573055.0	1219398741.0	1318578603.0	859948873.0	1968000589.0	1642651602.0	330576191.0	2292982163.0	715645574.0	410509598.0	996465566.0	2844212308.0	721857413.0	1158726970.0	531730683.0	1245161087.0	296762193.0	327545097.0	279779143.0	256675777.0	582732604.0	449889895.0	453391366.0	243468992.0	528145494.0	477721127.0	940671759.0	229567005.0	702996568.0	507229882.0	1068684821.0	810512944.0	714052272.0	726715147.0	284546408.0	363739291.0	437987293.0	952197750.0	582096056.0	906462525.0	0.0	1007376933.0	627264512.0	293321074.0	684615451.0	1933610050.0	1118401499.0
S144.8417_S46	1156323671.0	995895252.0	3431795566.0	1064559364.0	1613552424.0	1631641976.0	1278798238.0	2393986666.0	2092356669.0	975095526.0	2628373920.0	1265473823.0	1010556987.0	1838332659.0	3757171197.0	1527704364.0	1706307133.0	512319186.0	2068242616.0	974748238.0	878269400.0	1070013144.0	862534156.0	899139215.0	992080254.0	1028526189.0	994701941.0	1100817089.0	1181789088.0	1649670078.0	880410558.0	1586652241.0	1280355625.0	1522061706.0	1376005837.0	1144154041.0	660915038.0	797418745.0	1078783156.0	1056308742.0	1505950545.0	927315045.0	1227098620.0	1007376933.0	0.0	1258346999.0	959578325.0	1582709940.0	1939672491.0	1969059060.0
S145.8371_S47	1079632076.0	400364261.0	3031516235.0	612554255.0	1492752013.0	1629173303.0	1141380315.0	2479647839.0	1875971066.0	707284179.0	2580011877.0	886022518.0	692234442.0	1350197826.0	3389051142.0	1096356963.0	1427289382.0	819487335.0	1521270561.0	561892081.0	572152269.0	650576953.0	512423867.0	851280128.0	794095169.0	685850224.0	522189920.0	795657996.0	824774355.0	1215838991.0	467830651.0	1120409080.0	791975528.0	1476575769.0	1067997584.0	954375274.0	895613361.0	469019554.0	736888285.0	690652551.0	1330379390.0	858966902.0	1170382977.0	627264512.0	1258346999.0	0.0	603361158.0	1185175885.0	2390863300.0	1443254151.0
S146.8430_S48	705603146.0	280475569.0	2577454583.0	283614721.0	1108600401.0	1241675403.0	761822081.0	1897487361.0	1518006608.0	372963501.0	2187902615.0	511150492.0	318168484.0	884156932.0	2912728310.0	786997691.0	1049369396.0	535056071.0	1307480935.0	164185335.0	210734891.0	265043201.0	144542317.0	480786962.0	362099705.0	414875088.0	169779250.0	409236108.0	489895031.0	789086897.0	124997715.0	631425868.0	339837882.0	991316441.0	690774998.0	577447328.0	647343717.0	162354716.0	378672191.0	307441971.0	884147394.0	522887256.0	811806727.0	293321074.0	959578325.0	603361158.0	0.0	641966105.0	1845038532.0	965941477.0
S147.8369_S49	1334035279.0	884033858.0	3242001322.0	775989278.0	1794634494.0	1882409154.0	1363316168.0	2709026804.0	2329566433.0	922369032.0	2819373266.0	1176281413.0	934424027.0	1549925117.0	3702405847.0	1503824612.0	1640564237.0	1140763150.0	1812932700.0	830500222.0	795427598.0	825809268.0	723347836.0	1099325681.0	1014986106.0	1065723539.0	745196737.0	999821097.0	980079478.0	1418419148.0	739591866.0	1240057409.0	1070727511.0	1721744396.0	1290758681.0	1192699369.0	1389223270.0	791215403.0	972093084.0	776252844.0	1577041125.0	1187584373.0	1416609292.0	684615451.0	1582709940.0	1185175885.0	641966105.0	0.0	2641182877.0	1553838802.0
S148.8242_S50	1678402416.0	1684644039.0	4511739331.0	1952139295.0	1565691241.0	2063649895.0	2222541023.0	914608443.0	1175900064.0	1390260333.0	3040635893.0	2218478360.0	2203567330.0	2963326590.0	4150863094.0	1515048067.0	2513620446.0	1577551455.0	2967269545.0	2084494889.0	1870808375.0	2050084765.0	1984009323.0	1812605662.0	1191275603.0	2046968766.0	2063962892.0	2025325332.0	2128036473.0	2705005661.0	1970665113.0	2709341350.0	2325619408.0	804654667.0	2304670360.0	2248971550.0	1069685079.0	1705113426.0	2050163309.0	2195219117.0	1387109474.0	1304342614.0	1793383251.0	1933610050.0	1939672491.0	2390863300.0	1845038532.0	2641182877.0	0.0	3099941809.0
S149.8312_S51	1760639429.0	1171322584.0	911976750.0	1124177714.0	2213150546.0	2296344384.0	1768519540.0	3152686426.0	2725954159.0	1246055698.0	2852291220.0	1484067147.0	1080595937.0	625529433.0	3105301337.0	1513654614.0	2063170743.0	1527256760.0	1926770272.0	933393760.0	1185330220.0	1131580688.0	1113044796.0	1485524257.0	1433738772.0	1141300625.0	884086729.0	1369474417.0	1375395106.0	1826308896.0	1002571950.0	283541163.0	922107571.0	2166451190.0	1618431065.0	1561189163.0	1728347068.0	1176165353.0	1062339592.0	1265196536.0	1665856891.0	1635158799.0	1878957622.0	1118401499.0	1969059060.0	1443254151.0	965941477.0	1553838802.0	3099941809.0	0.0
